172 75 169 55 169 64 171 62 168 67
165 52 166 62 168 65 164 59 160 55
175 67 173 74 155 57 176 64 172 69
173 58 168 50 169 52 166 55 161 49
173 57 170 63 169 63 173 61 167 53
171 61 166 70 173 60 178 64 163 57
178 60 177 66 170 56 173 73 170 58
160 65 163 47 173 67 165 58 165 66
172 59 177 66 170 60 170 62 169 63
163 50 172 59 176 60 172 57 177 58
177 67 182 63 176 68 172 56 171 59
175 68 165 56 177 64 184 70 166 49
171 65 169 62 170 58 172 64 169 58
167 72 175 76 164 59 166 63 169 54
167 54 179 62 176 63 182 69 186 77
166 76 169 72 173 59 169 65 171 71
167 47 168 65 165 64 168 57 176 57
170 57 158 51 165 62 172 53 169 66
169 58 172 50 162 52 175 75 174 66
167 63 166 50 174 64 168 62 170 59