1249.90 0.5978 1843427 19999706 20323 45562 2790863 26806646 410.80 5773301
910.17 0.5809 1501136 22645502 3259 26317 1128073 11301931 202.68 2254343
875.40 0.2332 2918680 6885768 2929 1911 352348 7095875 95.60 758877
299.92 0.6563 236038 2737750 1937 11895 203277 3943100 88.65 654023
207.78 0.4412 365343 816452 2351 2623 105783 1396588 42.11 309337
677.08 0.6299 1295418 5826733 7782 15412 567919 9016998 135.45 1152811
545.31 0.4946 1879739 8426385 10780 19187 709227 7556796 94.15 965922
691.23 0.4068 1853210 5966343 4810 9532 357096 4803744 102.63 884447
927.09 0.4627 2663855 4186123 6720 7520 481443 6450020 172.79 1309151
1313.12 0.7384 2069019 54529098 6406 44485 4318500 25971200 336.84 5605445
537.44 0.5341 989199 13072737 14269 11193 664299 5680472 113.81 1357861
616.05 0.3556 1414737 12000796 17883 11684 449593 7425967 96.90 1180947
538.41 0.2547 1428235 10622866 22215 10298 501723 5246350 62.15 824034
429.95 0.3184 628764 2514125 4893 1517 233628 1622931 47.27 369577
583.13 0.2733 2152288 6555351 8851 7190 467524 5030220 69.59 680607
128.99 0.4865 333374 5751124 3728 2570 418758 2108331 46.93 657484
424.20 0.3988 688289 2305881 3674 3189 167714 2640460 62.08 479555
557.63 0.4085 1486302 6285882 5915 11775 460690 4126970 83.31 756696
702.97 0.3693 2382320 11492036 13408 17038 658435 4978045 103.52 961704
615.36 0.3424 677425 5287601 10433 6768 387252 5135338 84.66 696848
740.20 0.5869 1211291 7506085 9793 15442 604658 5748055 149.20 1314766
582.47 0.3107 1146367 3098179 8706 5718 323660 3461244 69.57 596986
685.00 0.6214 1600738 23348139 22007 23854 1761499 20401811 182.81 3047594
119.85 0.7931 299662 20368295 8754 4274 1847908 9519900 91.26 1890338
285.87 0.4064 720486 1149691 5130 3293 149700 2190918 45.09 371809
54.38 0.8354 44815 717461 5345 2356 115174 1626800 19.01 198138
3072.34 0.2067 4168780 8585525 52441 25124 898912 9090969 223.73 1606804
1003.56 0.335 1935590 5894289 40140 19632 561189 7479684 132.89 1200671
321.50 0.4557 362061 2247934 15703 4143 197908 1787748 55.28 419681
473.39 0.3865 793356 3605729 5604 12042 524216 4127900 88.11 842321
674.50 0.4094 739905 3665942 10311 9766 408896 5863980 114.01 885169
287.59 0.5445 259444 2940884 1832 4749 169540 2641568 65.83 550890
133.95 0.5227 65848 711310 1746 1469 49134 855051 27.21 219251
95.38 0.5709 171603 661226 2106 1193 74758 814103 23.72 178621
158.92 0.8244 78513 1847241 2668 9041 254870 2365508 55.27 517622