0 1865.9 348.5 604.4 243.3 523.6
1 6.0 5.9 1.9 2.5 1.7
2 17.3 6.4 5.9 1.3 0.8
3 104.3 21.1 33.0 18.9 42.7
4 101.0 25.9 43.8 20.9 42.8
5 120.4 19.5 32.1 17.3 16.4

6 91.9 13.3 40.1 21.1 22.7
7 30.0 6.3 27.7 10.7 6.6
8 41.9 7.1 31.9 11.4 10.1
9 23.9 14.0 3.6 6.5 0.8
10 101.2 6.2 30.1 2.9 16.4
11 67.7 2.4 18.0 1.0 16.8
12 48.7 5.2 23.0 5.0 28.5
13 39.9 2.0 7.1 4.3 15.7
14 49.0 7.4 13.9 2.5 26.3
15 136.6 22.4 30.2 11.5 22.1
16 117.6 17.9 52.1 7.6 24.9
17 52.7 11.6 17.9 3.7 18.3
18 64.9 16.2 27.6 6.6 57.5
19 101.3 5.8 24.8 5.3 10.5
20 83.5 5.5 24.7 1.3 46.7
21 2.1 0.1 0.8 0.2 0.9
22 58.6 16.0 10.9 8.2 10.8
23 94.6 18.9 19.6 8.9 11.4
24 62.4 55.2 11.8 32.2 9.9
25 41.8 8.1 12.4 5.5 10.2
26 0.2 0 0.1 0.2 0.1
27 74.2 6.3 15.1 5.2 14.8

28 40.1 9.9 9.2 7.0 8.4
29 12.7 0.8 5.4 2.2 6.9
30 27.8 3.6 7.9 1.8 3.6
31 51.5 7.5 22.0 9.7 18.5